#CORES
3
1 96 96 96    CINZA
2 227 38 61    VERMELHO
3 226 224 228  BRANCO_ACINZENTADO

#OBJETO
19 20
9 6 6 6 6 6 6 6 6 1 1 6 6 6 6 6 6 6 6 1
4 5 5 5 4 5 5 5 5 4 4 5 5 5 5 4 5 5 5 4
4 5 6 5 4 5 5 5 5 4 4 5 5 5 5 4 5 5 5 4
4 5 5 5 4 5 5 5 5 4 4 5 3 5 5 4 5 5 5 4
4 5 5 5 4 5 5 5 5 4 4 5 5 5 5 4 5 5 5 4
4 5 5 5 4 5 5 5 5 4 4 5 5 5 5 4 5 5 5 4
4 5 5 5 4 5 5 5 5 4 4 5 5 5 5 4 5 5 5 4
4 5 5 5 4 5 5 5 5 4 4 5 5 5 5 4 5 5 5 4
7 6 6 6 6 6 6 6 6 0 0 6 6 6 6 5 6 6 6 8
7 6 6 6 6 6 6 6 6 0 0 6 6 6 6 1 6 6 6 8
4 5 5 5 4 5 5 5 5 4 4 5 5 5 5 4 5 5 5 4
4 5 5 5 4 5 5 5 5 4 4 5 5 5 5 4 5 5 5 4
4 5 5 5 4 5 5 5 5 4 4 5 5 5 5 4 5 5 5 4
4 5 5 5 4 5 5 5 5 4 4 5 5 5 5 4 5 5 5 4
4 5 5 5 4 5 5 5 5 4 4 5 5 5 5 4 5 5 5 4
4 5 5 5 4 5 2 5 5 4 4 5 5 5 5 4 5 5 5 4
4 5 3 5 4 5 5 5 5 4 4 5 5 5 5 4 5 5 5 4
4 5 5 5 4 5 5 5 5 4 4 5 5 5 5 4 5 5 5 4
11 6 6 6 6 6 6 6 6 2 2 6 6 6 6 6 6 6 6 3