#CORES
3
1 96 96 96 CINZA
2 227 38 61 VERMELHO
3 226 224 228 BRANCO_ACINZENTADO

#OBJETO
38 40
9 6 6 6 7 6 6 6 6 7 7 6 6 6 6 7 6 6 6 1 9 6 6 6 7 6 6 6 6 7 7 6 6 6 6 7 6 6 6 1
4 5 5 5 4 5 5 5 5 4 4 5 5 5 5 4 5 5 5 4 4 5 5 5 4 5 5 5 5 4 4 5 5 5 5 4 5 5 5 4
4 5 5 5 4 5 5 5 5 4 4 5 5 5 5 4 5 5 5 4 4 5 5 5 4 5 5 5 5 4 4 5 5 5 5 4 5 5 5 4
4 5 5 5 4 5 5 5 5 4 4 5 5 5 5 4 5 5 5 4 4 5 5 5 4 5 5 5 5 4 4 5 5 5 5 4 5 5 5 4
4 5 5 5 4 5 5 5 5 4 4 5 5 5 5 4 5 5 5 4 4 5 5 5 4 5 5 5 5 4 4 5 5 5 5 4 5 5 5 4
4 5 5 5 4 5 5 5 5 4 4 5 5 5 5 4 5 5 5 4 4 5 5 5 4 5 5 5 5 4 4 5 5 5 5 4 5 5 5 4
4 5 5 5 4 5 5 5 5 4 4 5 5 5 5 4 5 5 5 4 4 5 5 5 4 5 5 5 5 4 4 5 5 5 5 4 5 5 5 4
4 5 5 5 4 5 5 5 5 4 4 5 5 5 5 4 5 5 5 4 4 5 5 5 4 5 5 5 5 4 4 5 5 5 5 4 5 5 5 4
10 6 6 6 8 6 6 6 6 0 0 6 6 6 6 8 6 6 6 2 10 6 6 6 8 6 6 6 6 0 0 6 6 6 6 8 6 6 6 2
10 6 6 6 7 6 6 6 6 0 0 6 6 6 6 7 6 6 6 2 10 6 6 6 7 6 6 6 6 0 0 6 6 6 6 7 6 6 6 2
4 5 5 5 4 5 5 5 5 4 4 5 5 5 5 4 5 5 5 4 4 5 5 5 4 5 5 5 5 4 4 5 5 5 5 4 5 5 5 4
4 5 5 5 4 5 5 5 5 4 4 5 5 5 5 4 5 5 5 4 4 5 5 5 4 5 5 5 5 4 4 5 5 5 5 4 5 5 5 4
4 5 5 5 4 5 5 5 5 4 4 5 5 5 5 4 5 5 5 4 4 5 5 5 4 5 5 5 5 4 4 5 5 5 5 4 5 5 5 4
4 5 5 5 4 5 5 5 5 4 4 5 5 5 5 4 5 5 5 4 4 5 5 5 4 5 5 5 5 4 4 5 5 5 5 4 5 5 5 4
4 5 5 5 4 5 5 5 5 4 4 5 5 5 5 4 5 5 5 4 4 5 5 5 4 5 5 5 5 4 4 5 5 5 5 4 5 5 5 4
4 5 5 5 4 5 5 5 5 4 4 5 5 5 5 4 5 5 5 4 4 5 5 5 4 5 5 5 5 4 4 5 5 5 5 4 5 5 5 4
4 5 5 5 4 5 5 5 5 4 4 5 5 5 5 4 5 5 5 4 4 5 5 5 4 5 5 5 5 4 4 5 5 5 5 4 5 5 5 4
4 5 5 5 4 5 5 5 5 4 4 5 5 5 5 4 5 5 5 4 4 5 5 5 4 5 5 5 5 4 4 5 5 5 5 4 5 5 5 4
11 6 6 6 8 6 6 6 6 8 8 6 6 6 6 8 6 6 6 3 11 6 6 6 8 6 6 6 6 8 8 6 6 6 6 8 6 6 6 3
9 6 6 6 7 6 6 6 6 7 7 6 6 6 6 7 6 6 6 1 9 6 6 6 7 6 6 6 6 7 7 6 6 6 6 7 6 6 6 1
4 5 5 5 4 5 5 5 5 4 4 5 5 5 5 4 5 5 5 4 4 5 5 5 4 5 5 5 5 4 4 5 5 5 5 4 5 5 5 4
4 5 5 5 4 5 5 5 5 4 4 5 5 5 5 4 5 5 5 4 4 5 5 5 4 5 5 5 5 4 4 5 5 5 5 4 5 5 5 4
4 5 5 5 4 5 5 5 5 4 4 5 5 5 5 4 5 5 5 4 4 5 5 5 4 5 5 5 5 4 4 5 5 5 5 4 5 5 5 4
4 5 5 5 4 5 5 5 5 4 4 5 5 5 5 4 5 5 5 4 4 5 5 5 4 5 5 5 5 4 4 5 5 5 5 4 5 5 5 4
4 5 5 5 4 5 5 5 5 4 4 5 5 5 5 4 5 5 5 4 4 5 5 5 4 5 5 5 5 4 4 5 5 5 5 4 5 5 5 4
4 5 5 5 4 5 5 5 5 4 4 5 5 5 5 4 5 5 5 4 4 5 5 5 4 5 5 5 5 4 4 5 5 5 5 4 5 5 5 4
4 5 5 5 4 5 5 5 5 4 4 5 5 5 5 4 5 5 5 4 4 5 5 5 4 5 5 5 5 4 4 5 5 5 5 4 5 5 5 4
10 6 6 6 8 6 6 6 6 0 0 6 6 6 6 8 6 6 6 2 10 6 6 6 8 6 6 6 6 0 0 6 6 6 6 8 6 6 6 2
10 6 6 6 7 6 6 6 6 0 0 6 6 6 6 7 6 6 6 2 10 6 6 6 7 6 6 6 6 0 0 6 6 6 6 7 6 6 6 2
4 5 5 5 4 5 5 5 5 4 4 5 5 5 5 4 5 5 5 4 4 5 5 5 4 5 5 5 5 4 4 5 5 5 5 4 5 5 5 4
4 5 5 5 4 5 5 5 5 4 4 5 5 5 5 4 5 5 5 4 4 5 5 5 4 5 5 5 5 4 4 5 5 5 5 4 5 5 5 4
4 5 5 5 4 5 5 5 5 4 4 5 5 5 5 4 5 5 5 4 4 5 5 5 4 5 5 5 5 4 4 5 5 5 5 4 5 5 5 4
4 5 5 5 4 5 5 5 5 4 4 5 5 5 5 4 5 5 5 4 4 5 5 5 4 5 5 5 5 4 4 5 5 5 5 4 5 5 5 4
4 5 5 5 4 5 5 5 5 4 4 5 5 5 5 4 5 5 5 4 4 5 5 5 4 5 5 5 5 4 4 5 5 5 5 4 5 5 5 4
4 5 5 5 4 5 5 5 5 4 4 5 5 5 5 4 5 5 5 4 4 5 5 5 4 5 5 5 5 4 4 5 5 5 5 4 5 5 5 4
4 5 5 5 4 5 5 5 5 4 4 5 5 5 5 4 5 5 5 4 4 5 5 5 4 5 5 5 5 4 4 5 5 5 5 4 5 5 5 4
4 5 5 5 4 5 5 5 5 4 4 5 5 5 5 4 5 5 5 4 4 5 5 5 4 5 5 5 5 4 4 5 5 5 5 4 5 5 5 4
11 6 6 6 8 6 6 6 6 8 8 6 6 6 6 8 6 6 6 3 11 6 6 6 8 6 6 6 6 8 8 6 6 6 6 8 6 6 6 3