#CORES
3
1 0 0 0        PRETO
2 0 153 51    VERDE
3 227 38 41    VERMELHO


#OBJETO
8 37
1 1 1 1 1 1 1 1 1 1 1 1 1 1 1 1 1 1 1 1 1 1 1 1 1 1 1 1 1 1 1 1 1 1 1 1 1
1 3 3 3 1 1 3 3 3 3 1 3 3 3 1 1 3 3 3 1 1 1 3 3 1 1 3 3 3 3 3 1 1 3 3 1 1
1 3 1 1 3 1 3 1 1 1 1 3 1 1 3 1 3 1 1 3 1 3 1 1 3 1 1 1 3 1 1 1 3 1 1 3 1
1 3 1 1 3 1 3 3 3 3 1 3 3 3 1 1 3 3 3 1 1 3 1 1 3 1 1 1 3 1 1 1 3 3 3 3 1
1 3 1 1 3 1 3 1 1 1 1 3 1 1 3 1 3 1 1 3 1 3 1 1 3 1 1 1 3 1 1 1 3 1 1 3 1
1 3 3 3 1 1 3 3 3 3 1 3 1 1 3 1 3 1 1 3 1 1 3 3 1 1 1 1 3 1 1 1 3 1 1 3 1
1 1 1 1 1 1 1 1 1 1 1 1 1 1 1 1 1 1 1 1 1 1 1 1 1 1 1 1 1 1 1 1 1 1 1 1 1