#CORES
7
1 0 0 0        PRETO
2 23 19 19     BORDAS
3 227 38 41    VERMELHO
4 103 22 24    VERMELHO_ESCURO
5 224 226 228  BRANCO_ACINZENTADO
6 17 53 109    AZUL
7 94 94 94    CINZA

#OBJETO
31 29
1 1 1 1 1 1 1 1 1 1 1 1 1 2 2 2 1 1 1 1 1 1 1 1 1 1 1 1 1
1 1 1 1 1 1 1 1 1 1 1 1 2 5 5 5 2 1 1 1 1 1 1 1 1 1 1 1 1
1 1 1 1 1 1 1 1 1 1 1 1 2 5 5 5 2 1 1 1 1 1 1 1 1 1 1 1 1
1 1 1 1 1 1 1 1 1 1 1 2 5 5 2 5 5 2 1 1 1 1 1 1 1 1 1 1 1
1 1 1 1 1 1 1 1 1 1 1 2 5 2 2 2 5 2 1 1 1 1 1 1 1 1 1 1 1
1 1 1 1 1 1 1 1 1 1 1 2 5 2 5 2 5 2 1 1 1 1 1 1 1 1 1 1 1
1 1 1 1 1 1 1 1 1 1 1 2 5 5 5 5 5 2 1 1 1 1 1 1 1 1 1 1 1
1 1 1 1 1 1 1 1 1 1 2 7 5 5 5 5 5 7 2 1 1 1 1 1 1 1 1 1 1
1 1 1 1 1 1 1 1 2 2 6 7 2 5 5 5 2 7 6 2 2 1 1 1 1 1 1 1 1
1 1 1 1 1 1 1 2 6 6 6 7 5 2 2 2 5 7 6 6 6 2 1 1 1 1 1 1 1
1 1 1 1 1 1 1 2 6 6 5 7 5 5 5 5 5 7 5 6 6 2 1 1 1 1 1 1 1
1 1 1 1 1 1 1 2 6 6 5 7 5 5 5 5 5 7 5 6 6 2 1 1 1 1 1 1 1
1 1 1 1 1 1 1 2 6 6 5 7 5 5 5 5 5 7 5 6 6 2 1 1 1 1 1 1 1
1 1 1 1 1 1 1 2 6 6 5 7 2 5 5 5 2 7 5 6 6 2 1 1 1 1 1 1 1
1 1 1 1 1 1 1 2 6 6 5 7 5 2 2 2 5 7 5 6 6 2 1 1 1 1 1 1 1
1 1 1 1 1 1 2 6 6 5 5 7 5 5 5 5 5 7 5 5 6 6 2 1 1 1 1 1 1
1 1 1 1 1 2 6 6 5 5 5 7 5 5 5 5 5 7 5 5 5 6 6 2 1 1 1 1 1
1 1 1 1 2 6 6 5 5 5 5 7 5 2 5 2 5 7 5 5 5 5 6 6 2 1 1 1 1
1 1 1 1 2 6 6 5 5 5 5 7 5 2 5 2 5 7 5 5 5 5 6 6 2 1 1 1 1
1 1 1 2 6 6 5 5 5 5 5 7 5 2 5 2 5 7 5 5 5 5 5 6 6 2 1 1 1
1 1 2 6 6 5 5 5 5 5 5 7 5 5 5 5 5 7 5 5 5 5 5 5 6 6 2 1 1
1 2 6 6 5 5 5 5 5 5 5 7 5 5 5 5 5 7 5 5 5 5 5 5 5 6 6 2 1
2 6 6 5 5 5 5 5 5 5 5 7 5 5 5 5 5 7 5 5 5 5 5 5 5 5 6 6 2
2 6 6 5 5 5 5 5 5 5 5 7 7 7 7 7 7 7 5 5 5 5 5 5 5 5 6 6 2
2 6 6 5 5 5 5 5 5 5 4 3 3 3 3 3 3 3 4 5 5 5 5 5 5 5 6 6 2
1 2 5 5 5 5 5 7 5 5 4 4 4 4 4 4 4 4 4 5 5 7 5 5 5 5 5 2 1
1 2 5 7 7 7 7 7 5 7 5 5 5 5 7 5 5 5 5 7 5 7 7 7 7 7 5 2 1
1 2 5 5 5 5 5 5 5 7 5 5 5 5 7 5 5 5 5 7 5 5 5 5 5 5 5 2 1
1 1 2 2 2 2 2 2 2 7 5 5 5 5 7 5 5 5 5 7 2 2 2 2 2 2 2 1 1
1 1 1 1 1 1 1 1 1 2 5 5 5 5 7 5 5 5 5 2 1 1 1 1 1 1 1 1 1
1 1 1 1 1 1 1 1 1 1 2 2 2 2 2 2 2 2 2 1 1 1 1 1 1 1 1 1 1